min Dual_c = [-10.145, 5, 0, 6.115]
Dual_A = [[   1.232    0.       1.       1.   ]
 [   1.       5.15     0.       0.   ]
 [   1.      -4.       1.      -2.   ]
 [   0.       1.       1.       1.   ]
 [   1.       0.       0.       0.   ]
 [   0.      64.       0.       0.   ]
 [ -87.       0.     -76.78     0.   ]
 [   0.      -6.98     0.       0.   ]
 [   0.       0.    -900.       0.   ]
 [ -97.98    27.       0.       0.   ]]
Dual_Eqin = [1, 1, 1, 1]
Dual_b = [3, 1, 0, 0, 1, 1, 0, 0, 3.75, 0]
