min b = [-10.145, 5, 0, 6.115]
A_transpose = [[   1.72    0.      1.      1.  ]
 [   1.      5.15    0.      0.  ]
 [   1.      0.      1.     -2.  ]
 [   0.     -1.      1.      1.  ]
 [   1.      0.      0.      0.  ]
 [   0.      0.      0.      0.  ]
 [  -1.      0.    -76.78    0.  ]
 [   0.      6.98    0.      0.  ]
 [   0.      0.      0.      0.  ]
 [  -9.1     0.      0.      0.  ]
 [   0.      0.      0.      0.  ]
 [   0.      0.      0.      0.  ]
 [   0.      0.      0.      0.  ]
 [   0.      0.      0.      0.  ]
 [   0.      0.      0.      0.  ]
 [   0.      0.      0.      0.  ]
 [   0.      0.      0.      0.  ]
 [   0.     27.      0.      0.  ]
 [   1.      0.   -900.      0.  ]
 [   0.      0.      0.      0.  ]
 [   0.      0.      0.      0.  ]
 [   0.      0.      0.      0.  ]
 [   0.      0.      0.      0.  ]
 [   0.      0.      0.      0.  ]
 [   0.      0.      0.      0.  ]
 [   0.      0.      0.      0.  ]
 [   0.      0.      0.      0.  ]
 [   0.      0.      0.      0.  ]
 [   0.      0.      0.      0.  ]
 [   0.      0.      1.      0.  ]]
Dual_Eqin = [1, 1, 1, 1]
c = [3, 1, 0, 0, 1, 1, 0, 0, 0, 0, 0, 0, 0, 0, 0, 0, 0, 0, 0, 0, 0, 0, 0, 0, 0, 0, 0, 0, 0, 0]
